1000
0 3780.84
1 2614.26
2 1962.42
3 1962.42
4 1874.21
5 2160.31
6 1901.39
7 1996.99
8 1924.51
9 1869.20
10 1914.26
11 1858.71
12 1850.61
13 1858.71
14 1867.29
15 1994.85
16 1952.41
17 1952.89
18 1526.12
19 1946.69
20 1939.77
21 2024.89
22 1989.36
23 2043.25
24 1996.76
25 1949.55
26 1988.65
27 1931.67
28 2001.05
29 1953.36
30 1897.57
31 1813.65
32 1730.68
33 1752.14
34 1781.23
35 1818.90
36 1824.14
37 1864.19
38 1825.81
39 1883.98
40 1805.31
41 1808.64
42 1880.17
43 1784.56
44 1801.49
45 1987.22
46 1836.30
47 1807.93
48 2002.00
49 1814.13
50 1801.49
51 1750.47
52 1691.58
53 1690.63
54 1693.25
55 1701.12
56 1698.26
57 1716.85
58 1800.78
59 1839.88
60 1765.49
61 1763.34
62 1800.06
63 1745.70
64 1748.56
65 1775.98
66 1827.00
67 1844.64
68 1919.27
69 1883.51
70 1991.75
71 1849.89
72 1850.37
73 1836.06
74 1807.69
75 1945.73
76 1987.93
77 1964.33
78 1951.93
79 1914.74
80 1861.57
81 1948.83
82 1889.23
83 1799.58
84 1691.58
85 1850.84
86 1746.18
87 1770.97
88 1919.03
89 1965.52
90 1914.50
91 1923.08
92 1847.51
93 1747.85
94 1759.29
95 1772.64
96 1290.80
97 1732.59
98 1858.47
99 1796.96
100 1884.94
101 1834.15
102 1906.16
103 1916.89
104 1898.53
105 1903.30
106 1852.04
107 1874.21
108 1889.23
109 1876.83
110 1869.92
111 1858.95
112 1915.69
113 1877.31
114 1863.72
115 1869.92
116 1328.95
117 1817.94
118 1849.65
119 1828.19
120 1818.90
121 1823.90
122 1841.78
123 1807.45
124 1849.65
125 1720.91
126 1791.72
127 1478.43
128 1832.96
129 1799.58
130 1815.08
131 1798.63
132 1809.36
133 1776.46
134 1809.36
135 1826.76
136 1821.76
137 1837.97
138 1836.54
139 1774.07
140 1873.02
141 1841.07
142 1856.33
143 1832.96
144 1827.96
145 1820.09
146 1796.01
147 1815.08
148 1894.00
149 1801.73
150 1813.89
151 1961.23
152 1802.92
153 1805.54
154 1808.64
155 1796.72
156 1756.67
157 1769.78
158 1791.48
159 1748.32
160 1726.87
161 1725.91
162 1948.83
163 1907.11
164 1775.26
165 1719.00
166 1742.84
167 1774.55
168 1785.99
169 1739.03
170 1899.24
171 1934.29
172 1831.29
173 1834.63
174 1850.61
175 1799.35
176 1782.18
177 1775.74
178 1776.46
179 1827.00
180 1801.97
181 1790.05
182 1858.95
183 1903.06
184 1914.26
185 1770.26
186 1832.01
187 1797.44
188 1843.93
189 1812.93
190 1783.37
191 1776.70
192 1795.77
193 1772.40
194 1810.31
195 1798.15
196 1786.23
197 1812.93
198 1861.10
199 1787.66
200 1801.73
201 1810.31
202 1798.63
203 1694.44
204 1739.74
205 1908.06
206 1888.75
207 1841.31
208 1875.16
209 1901.63
210 1920.70
211 1814.60
212 1785.99
213 1764.77
214 1840.35
215 1777.89
216 1769.54
217 1716.38
218 1869.20
219 1800.30
220 1788.38
221 2570.63
222 1853.94
223 1825.33
224 1786.71
225 1825.33
226 1900.91
227 1871.82
228 1879.69
229 1863.96
230 1870.16
231 1906.16
232 1911.88
233 1314.16
234 1768.35
235 1806.74
236 1801.49
237 1866.10
238 1823.43
239 1787.42
240 1787.90
241 1770.50
242 1786.95
243 1808.17
244 1807.93
245 1806.97
246 1679.66
247 1744.03
248 1868.49
249 1858.47
250 1714.71
251 1631.26
252 1793.38
253 1760.48
254 1722.10
255 2006.29
256 1858.95
257 1773.60
258 1861.33
259 1839.16
260 1835.11
261 1846.79
262 1851.08
263 1863.96
264 1802.44
265 1814.13
266 1788.38
267 1735.21
268 1784.09
269 1735.21
270 1752.85
271 1947.40
272 1748.09
273 1741.89
274 1804.83
275 1804.59
276 1762.15
277 1775.50
278 1819.37
279 1801.25
280 1809.12
281 1860.86
282 1767.40
283 1729.73
284 1818.42
285 1811.27
286 1816.51
287 1859.43
288 1775.50
289 1751.90
290 1851.32
291 1713.51
292 1719.95
293 1793.15
294 1751.42
295 1762.15
296 1799.11
297 1842.50
298 1901.63
299 1940.97
300 1928.09
301 1774.79
302 1832.01
303 1877.55
304 1868.96
305 1881.84
306 1883.03
307 1896.86
308 1864.67
309 1818.42
310 1798.87
311 1815.32
312 1783.85
313 1806.02
314 1858.71
315 1857.52
316 1838.45
317 1805.07
318 1737.36
319 1780.51
320 1804.35
321 1813.65
322 1819.85
323 1839.40
324 1856.80
325 1863.24
326 1852.27
327 1969.34
328 1893.04
329 1832.25
330 1868.72
331 1824.14
332 1766.20
333 1780.03
334 1750.47
335 1777.65
336 1774.07
337 1801.25
338 1796.96
339 1769.54
340 1730.68
341 1719.95
342 1722.57
343 1740.22
344 1919.75
345 1848.70
346 1737.36
347 1680.61
348 1768.59
349 1937.87
350 1881.84
351 1931.91
352 1888.51
353 1882.31
354 1882.31
355 1863.72
356 1885.18
357 1871.11
358 1803.64
359 1767.16
360 1977.44
361 1697.30
362 1620.77
363 1643.90
364 1701.12
365 1671.55
366 1610.76
367 1603.84
368 1691.58
369 1659.39
370 1667.26
371 1826.76
372 1785.52
373 1788.14
374 1845.12
375 1855.37
376 1745.70
377 1685.38
378 1986.50
379 1655.58
380 1648.90
381 1722.10
382 1740.93
383 1170.16
384 1746.18
385 1915.93
386 1783.37
387 1783.13
388 1783.37
389 1880.17
390 1885.41
391 1920.22
392 1888.04
393 1886.37
394 1784.80
395 1739.26
396 1866.82
397 1708.98
398 1703.50
399 1716.38
400 1753.57
401 1841.78
402 1822.71
403 1902.10
404 1881.84
405 1909.02
406 1837.97
407 1876.83
408 2026.80
409 2062.32
410 1903.77
411 1812.93
412 1748.32
413 1904.01
414 1868.25
415 1780.51
416 1768.35
417 1776.93
418 1785.28
419 1456.26
420 1830.34
421 1792.91
422 1742.36
423 1741.41
424 1753.33
425 1901.39
426 1878.74
427 1835.11
428 1805.54
429 1798.87
430 1801.73
431 1772.64
432 1790.29
433 1770.73
434 1788.14
435 1752.61
436 1763.34
437 1729.73
438 1776.46
439 1786.23
440 1799.58
441 1857.52
442 1939.77
443 1911.88
444 1245.26
445 1718.76
446 1772.17
447 1767.87
448 1930.24
449 1727.34
450 1282.22
451 1807.21
452 1829.15
453 1884.94
454 1895.90
455 1924.04
456 1895.90
457 1864.19
458 1873.25
459 1878.02
460 1816.51
461 1780.03
462 1731.40
463 1825.33
464 1831.53
465 1906.87
466 1937.87
467 1267.91
468 1873.02
469 1823.19
470 1807.45
471 2111.43
472 1873.73
473 1798.63
474 1796.96
475 1771.93
476 1755.48
477 1823.90
478 1933.81
479 1747.85
480 1841.31
481 1821.28
482 1751.18
483 1591.68
484 1615.52
485 1622.20
486 1594.31
487 1591.21
488 1593.35
489 1608.85
490 1589.06
491 1694.20
492 1654.15
493 1677.99
494 1791.48
495 1670.60
496 1648.43
497 1662.73
498 1734.73
499 1701.59
500 1697.54
501 1791.48
502 1673.70
503 1712.56
504 1599.55
505 1616.24
506 1665.12
507 1603.13
508 1610.28
509 1602.89
510 1632.45
511 1636.27
512 1698.97
513 1658.44
514 1688.48
515 1681.33
516 1671.79
517 1688.72
518 1620.77
519 1599.55
520 1649.38
521 1809.36
522 1768.59
523 1767.40
524 1346.83
525 1770.97
526 1765.73
527 1754.76
528 1723.05
529 1740.93
530 1757.14
531 1803.16
532 1760.24
533 1750.23
534 1802.92
535 1970.05
536 1728.30
537 1841.07
538 1755.48
539 1771.21
540 1948.36
541 1970.29
542 1872.30
543 1785.28
544 1833.68
545 1744.27
546 1774.07
547 1741.65
548 1701.59
549 1747.85
550 1737.36
551 1734.50
552 1780.51
553 1774.79
554 1868.72
555 1723.29
556 1747.61
557 1770.26
558 1733.06
559 1735.21
560 1721.62
561 1875.88
562 1800.78
563 1923.80
564 1920.94
565 1846.31
566 1848.46
567 1767.87
568 1853.23
569 1717.09
570 1762.87
571 1785.76
572 1714.47
573 1724.00
574 1920.70
575 1243.83
576 1864.43
577 1806.97
578 1877.31
579 1851.80
580 1881.84
581 1900.20
582 1872.06
583 1838.92
584 1492.50
585 1915.93
586 1864.67
587 1860.62
588 1869.44
589 1855.85
590 1856.33
591 1806.26
592 1820.09
593 1918.55
594 1885.89
595 1877.31
596 1914.74
597 1919.03
598 1895.67
599 1904.49
600 1728.06
601 1669.41
602 1718.52
603 1723.77
604 1837.97
605 1733.06
606 1761.91
607 1742.84
608 1991.03
609 1768.11
610 1859.90
611 1828.91
612 1833.92
613 1823.66
614 1294.14
615 1864.67
616 1669.88
617 1663.68
618 1693.25
619 1670.84
620 1699.45
621 1693.25
622 1721.62
623 1657.72
624 1730.68
625 1653.67
626 1669.41
627 1838.92
628 1837.73
629 1781.46
630 1813.89
631 1816.27
632 1883.03
633 1828.19
634 1991.03
635 1919.98
636 1901.39
637 1873.73
638 1889.94
639 1892.09
640 1761.91
641 1800.06
642 1782.42
643 1911.88
644 1672.98
645 1734.97
646 1704.22
647 1684.19
648 1721.62
649 1741.41
650 1689.91
651 1685.38
652 1873.02
653 1865.15
654 1859.90
655 1894.71
656 1868.72
657 1854.66
658 1911.64
659 1835.11
660 1836.30
661 1830.82
662 1780.75
663 1777.41
664 1907.35
665 1827.96
666 1878.50
667 1877.78
668 1888.04
669 1793.15
670 1762.39
671 1803.16
672 1817.46
673 1781.23
674 1856.33
675 1785.76
676 1746.42
677 1847.74
678 1909.73
679 1786.71
680 1809.12
681 1986.50
682 1872.54
683 1857.76
684 2156.97
685 1839.88
686 1861.81
687 1835.58
688 1944.54
689 1927.61
690 1885.18
691 1886.61
692 1880.88
693 1891.61
694 2199.17
695 1888.28
696 1828.43
697 1880.65
698 2120.26
699 1948.36
700 1863.24
701 1475.81
702 1770.02
703 1862.05
704 1820.56
705 1755.71
706 1720.91
707 1744.03
708 1747.37
709 1745.22
710 1805.78
711 1906.39
712 1778.13
713 1706.60
714 1743.32
715 1702.79
716 1734.50
717 1695.39
718 1762.15
719 1804.59
720 1773.12
721 1844.41
722 1649.86
723 1689.91
724 1722.81
725 1652.24
726 1690.15
727 1674.89
728 1673.46
729 1693.01
730 1697.54
731 1699.45
732 1676.08
733 1683.24
734 1833.44
735 1801.49
736 1804.35
737 1780.03
738 1753.09
739 1769.07
740 1768.83
741 1943.11
742 1918.32
743 1752.14
744 1776.46
745 1808.64
746 1827.24
747 1715.66
748 1695.87
749 1727.10
750 1693.73
751 1758.81
752 1740.22
753 1754.28
754 1805.54
755 1755.24
756 1752.38
757 1755.71
758 1703.50
759 1745.22
760 1741.17
761 1721.62
762 1732.83
763 1690.39
764 1769.78
765 1870.87
766 1861.10
767 1901.39
768 1871.82
769 1864.91
770 1832.01
771 1912.59
772 1817.70
773 1799.35
774 1826.05
775 1784.56
776 1792.67
777 1793.38
778 1846.79
779 1884.22
780 1835.58
781 1685.38
782 1708.98
783 1773.83
784 1750.95
785 1709.46
786 1708.75
787 1928.09
788 1967.19
789 1863.24
790 1829.62
791 1818.90
792 1833.92
793 1870.39
794 1855.37
795 1910.92
796 1925.23
797 1845.12
798 1910.45
799 1946.45
800 2008.44
801 1945.97
802 1921.89
803 1871.11
804 1883.03
805 2007.72
806 1833.20
807 1847.27
808 1839.64
809 1901.63
810 1841.78
811 1755.24
812 1768.83
813 1783.37
814 1801.01
815 1792.91
816 1752.38
817 1903.30
818 1880.17
819 1907.83
820 1882.08
821 1807.69
822 1815.56
823 1838.92
824 1844.17
825 1908.06
826 1841.78
827 1809.84
828 1789.09
829 1826.05
830 1788.14
831 1780.51
832 1797.44
833 1857.04
834 1933.34
835 1852.27
836 1863.72
837 1961.47
838 1896.14
839 1892.33
840 1806.02
841 1862.53
842 1866.34
843 1778.60
844 1720.19
845 1716.38
846 1704.69
847 1713.51
848 1780.51
849 1696.59
850 1685.86
851 1735.45
852 1730.44
853 1754.52
854 1789.81
855 1732.59
856 1781.94
857 1721.62
858 1718.52
859 1731.16
860 1839.40
861 1693.25
862 1713.99
863 1790.52
864 1820.56
865 1697.06
866 1723.05
867 1860.86
868 1877.78
869 1807.21
870 1828.91
871 1768.59
872 1755.48
873 1622.92
874 1616.48
875 1610.99
876 1675.61
877 1717.33
878 1728.77
879 1719.47
880 1683.00
881 1642.47
882 1669.17
883 1683.24
884 1686.33
885 1702.55
886 1652.96
887 1651.76
888 1653.67
889 1643.42
890 1859.66
891 1851.08
892 1666.07
893 1651.53
894 1740.93
895 1771.45
896 1744.27
897 1738.79
898 1760.01
899 1746.42
900 1783.37
901 1834.87
902 1917.36
903 1910.45
904 1882.79
905 1872.78
906 1902.58
907 1877.31
908 1740.46
909 1732.35
910 1703.74
911 1659.39
912 1648.90
913 1593.35
914 1692.77
915 1664.64
916 1687.77
917 1863.24
918 1631.98
919 1637.22
920 1832.72
921 1885.89
922 1906.63
923 1884.94
924 1829.86
925 1939.30
926 1984.60
927 1945.26
928 1960.75
929 1993.18
930 1753.57
931 1803.64
932 1851.08
933 1787.19
934 1790.29
935 1744.27
936 1795.77
937 1796.96
938 1769.54
939 1801.01
940 1803.87
941 1652.24
942 1626.49
943 1703.26
944 1703.26
945 1711.61
946 1733.54
947 1771.93
948 1755.48
949 1783.61
950 1813.17
951 1771.69
952 1684.90
953 1693.96
954 1736.88
955 1691.82
956 1720.91
957 1679.18
958 1644.13
959 1720.91
960 1819.61
961 1665.12
962 1698.73
963 1751.42
964 1727.58
965 1726.39
966 1754.52
967 1781.94
968 1694.92
969 1773.36
970 1741.89
971 1759.29
972 1878.98
973 1855.13
974 1759.77
975 1843.21
976 1859.43
977 1867.29
978 1864.19
979 1868.01
980 1853.94
981 1902.58
982 1896.62
983 1943.59
984 1182.08
985 1877.78
986 1892.09
987 1858.23
988 1867.29
989 1871.11
990 1850.37
991 1843.93
992 1816.03
993 2036.33
994 1978.87
995 2028.23
996 1963.62
997 1994.37
998 1984.36
999 1927.14
