1000
4 8980.04
5 8827.45
2 9475.47
0 10205.03
6 8641.24
1 9735.35
11 7961.99
16 7015.94
14 7383.35
12 7836.34
3 11533.50
29 3487.11
28 3847.12
30 3255.61
22 5629.06
23 5321.26
24 5096.67
25 4878.52
26 4377.84
27 4211.43
31 2424.24
7 11958.36
32 2238.04
15 8921.15
8 11791.94
19 8331.54
13 9580.61
17 8834.60
18 8657.69
20 7892.37
21 7680.42
9 10466.81
10 10269.17
33 2351.05
34 2219.92
35 2199.17
36 2303.84
37 2244.71
38 2213.48
39 2246.38
40 2204.66
41 2198.22
42 2163.41
43 2169.61
44 2267.36
45 2236.13
46 2183.44
47 2182.96
48 2188.68
49 2189.40
50 2194.17
51 2178.43
52 2177.72
53 2152.44
54 2163.41
55 2195.60
56 2143.86
57 2151.73
58 2172.95
59 2193.69
60 2161.50
61 2147.44
62 2160.55
63 2153.64
64 2345.32
65 2244.47
66 2162.22
67 2209.42
68 2143.86
69 2132.89
70 2131.94
71 2120.26
72 2237.80
73 2177.72
74 2148.15
75 2224.45
76 2155.30
77 2152.68
78 2147.91
79 2191.78
80 2158.40
81 2154.83
82 2288.10
83 2234.46
84 2217.77
85 2158.16
86 2170.32
87 2143.86
88 2250.67
89 2218.48
90 2171.28
91 2213.00
92 2268.31
93 2176.28
94 2192.50
95 2129.55
96 2137.42
97 2149.82
98 2125.02
99 2147.20
100 2193.69
101 2248.29
102 2197.74
103 2150.77
104 2158.64
105 2134.08
106 2146.24
107 2168.89
108 2219.92
109 2178.19
110 2160.07
111 2176.28
112 2145.05
113 2200.84
114 2162.46
115 2145.77
116 2147.67
117 2159.83
118 2149.82
119 2165.08
120 2213.00
121 2193.93
122 2177.72
123 2234.22
124 2129.55
125 2122.88
126 2154.11
127 2176.05
128 2202.27
129 2223.25
130 2182.72
131 2163.41
132 2151.73
133 2182.25
134 2139.81
135 2131.70
136 2159.60
137 2165.56
138 2153.40
139 2159.36
140 2295.73
141 2232.55
142 2195.84
143 2188.92
144 2169.13
145 2157.45
146 2168.42
147 2228.26
148 2172.95
149 2176.76
150 2203.46
151 2158.64
152 2145.77
153 2138.85
154 2157.93
155 2135.99
156 2138.85
157 2154.11
158 2228.26
159 2166.75
160 2220.63
161 2209.90
162 2223.01
163 2187.97
164 2181.05
165 2176.76
166 2187.49
167 2183.20
168 2208.95
169 2193.45
170 2205.61
171 2173.90
172 2140.05
173 2126.69
174 2126.69
175 2140.76
176 2184.63
177 2220.87
178 2156.02
179 2171.99
180 2197.50
181 2205.61
182 2182.01
183 2159.12
184 2197.50
185 2215.86
186 2230.17
187 2214.43
188 2193.69
189 2194.17
190 2195.84
191 2189.87
192 2195.60
193 2173.90
194 2196.55
195 2204.66
196 2251.39
197 2171.04
198 2148.87
199 2191.07
200 2135.28
201 2156.50
202 2154.11
203 2189.40
204 2152.68
205 2146.24
206 2214.91
207 2251.63
208 2194.40
209 2247.81
210 2238.04
211 2174.38
212 2179.62
213 2173.66
214 2202.75
215 2168.18
216 2158.88
217 2171.28
218 2208.47
219 2277.61
220 2135.52
221 2154.35
222 2142.91
223 2135.52
224 2161.98
225 2138.61
226 2124.79
227 2241.37
228 2184.15
229 2184.63
230 2187.25
231 2159.12
232 2140.05
233 2151.49
234 2180.81
235 2255.44
236 2196.79
237 2174.38
238 2229.45
239 2193.69
240 2184.63
241 2130.51
242 2185.11
243 2153.64
244 2180.58
245 2139.57
246 2187.01
247 2137.18
248 2127.65
249 2126.93
250 2125.98
251 2138.38
252 2164.60
253 2135.52
254 2154.35
255 2203.46
256 2281.67
257 2207.52
258 2163.41
259 2186.54
260 2161.50
261 2167.46
262 2167.46
263 2152.92
264 2173.42
265 2167.46
266 2191.54
267 2164.36
268 2160.07
269 2150.30
270 2141.95
271 2130.51
272 2166.51
273 2145.29
274 2206.09
275 2158.16
276 2191.07
277 2166.27
278 2156.73
279 2196.07
280 2194.64
281 2202.03
282 2221.35
283 2185.82
284 2177.24
285 2185.11
286 2186.54
287 2183.44
288 2159.12
289 2153.64
290 2271.89
291 2308.37
292 2202.03
293 2195.36
294 2197.98
295 2195.60
296 2190.59
297 2173.42
298 2164.60
299 2167.70
300 2179.62
301 2182.96
302 2192.02
303 2146.24
304 2213.24
305 2152.44
306 2154.35
307 2188.68
308 2208.71
309 2161.03
310 2164.84
311 2146.48
312 2195.36
313 2137.90
314 2143.62
315 2151.01
316 2155.30
317 2171.99
318 2193.21
319 2195.60
320 2227.54
321 2189.16
322 2175.57
323 2201.08
324 2215.15
325 2207.52
326 2214.91
327 2198.93
328 2214.43
329 2229.21
330 2221.11
331 2161.03
332 2147.20
333 2156.50
334 2153.87
335 2171.99
336 2136.47
337 2228.26
338 2180.81
339 2255.68
340 2241.85
341 2173.19
342 2204.66
343 2182.72
344 2283.57
345 2205.85
346 2192.74
347 2179.86
348 2155.78
349 2174.85
350 2142.19
351 2141.71
352 2126.22
353 2146.72
354 2170.56
355 2205.37
356 2149.82
357 2135.52
358 2152.20
359 2150.77
360 2163.17
361 2159.60
362 2150.30
363 2150.06
364 2162.69
365 2190.11
366 2153.64
367 2165.32
368 2162.22
369 2145.05
370 2158.16
371 2164.84
372 2162.46
373 2169.13
374 2168.89
375 2210.86
376 2186.54
377 2148.15
378 2141.00
379 2155.30
380 2144.81
381 2152.20
382 2158.40
383 2160.79
384 2213.00
385 2173.66
386 2182.25
387 2194.88
388 2166.75
389 2146.72
390 2124.55
391 2150.54
392 2151.01
393 2211.09
394 2186.78
395 2184.63
396 2174.85
397 2154.35
398 2216.82
399 2160.79
400 2189.16
401 2152.92
402 2166.75
403 2193.21
404 2152.68
405 2174.14
406 2152.20
407 2152.44
408 2128.84
409 2149.34
410 2157.93
411 2126.22
412 2238.99
413 2187.73
414 2195.36
415 2163.17
416 2171.52
417 2156.97
418 2206.80
419 2162.69
420 2169.13
421 2246.86
422 2311.23
423 2322.91
424 2209.66
425 2261.88
426 2337.22
427 2299.31
428 2243.76
429 2189.87
430 2228.74
431 2204.90
432 2197.03
433 2198.93
434 2160.07
435 2146.01
436 2131.70
437 2116.44
438 2148.39
439 2152.20
440 2181.05
441 2262.12
442 2173.90
443 2173.66
444 2172.95
445 2142.91
446 2152.44
447 2187.25
448 2183.91
449 2212.05
450 2214.91
451 2171.52
452 2159.83
453 2150.77
454 2146.24
455 2154.59
456 2168.66
457 2156.97
458 2195.60
459 2152.92
460 2165.32
461 2167.94
462 2165.79
463 2150.06
464 2170.56
465 2138.61
466 2166.03
467 2148.87
468 2128.36
469 2183.20
470 2153.40
471 2161.74
472 2150.30
473 2161.26
474 2180.10
475 2292.87
476 2177.72
477 2170.56
478 2214.43
479 2182.96
480 2160.31
481 2141.71
482 2146.01
483 2195.60
484 2174.14
485 2189.40
486 2220.39
487 2179.62
488 2152.44
489 2142.91
490 2142.67
491 2147.44
492 2196.55
493 2237.80
494 2177.72
495 2185.82
496 2168.89
497 2133.85
498 2134.80
499 2145.53
500 2163.41
501 2159.83
502 2273.32
503 2186.06
504 2146.72
505 2146.96
506 2170.09
507 2146.72
508 2153.16
509 2148.87
510 2152.92
511 2143.14
512 2259.25
513 2195.60
514 2164.36
515 2160.07
516 2153.40
517 2125.74
518 2147.44
519 2139.57
520 2168.66
521 2138.38
522 2128.36
523 2177.95
524 2180.34
525 2140.05
526 2133.13
527 2127.89
528 2144.58
529 2131.94
530 2153.64
531 2225.88
532 2233.27
533 2187.25
534 2188.21
535 2215.62
536 2154.83
537 2147.20
538 2193.93
539 2265.21
540 2313.61
541 2218.72
542 2214.91
543 2167.22
544 2137.42
545 2135.04
546 2143.14
547 2131.22
548 2153.87
549 2142.91
550 2132.42
551 2168.89
552 2224.92
553 2171.75
554 2181.05
555 2165.32
556 2156.97
557 2145.05
558 2138.14
559 2140.52
560 2160.79
561 2139.09
562 2145.77
563 2158.16
564 2163.41
565 2212.29
566 2164.13
567 2177.24
568 2186.54
569 2155.30
570 2155.30
571 2146.48
572 2163.41
573 2199.89
574 2192.02
575 2202.51
576 2245.66
577 2161.74
578 2141.48
579 2140.05
580 2142.19
581 2171.52
582 2191.54
583 2149.58
584 2152.44
585 2150.30
586 2129.08
587 2230.41
588 2220.63
589 2179.38
590 2184.63
591 2177.95
592 2159.12
593 2154.83
594 2157.69
595 2159.60
596 2177.72
597 2178.67
598 2194.40
599 2252.82
600 2189.16
601 2186.06
602 2207.99
603 2152.68
604 2143.38
605 2159.60
606 2177.72
607 2205.85
608 2168.89
609 2204.90
610 2208.95
611 2182.48
612 2158.88
613 2167.22
614 2158.16
615 2172.71
616 2149.58
617 2161.74
618 2151.01
619 2156.26
620 2241.37
621 2193.45
622 2204.42
623 2175.33
624 2211.09
625 2156.26
626 2161.50
627 2162.69
628 2180.58
629 2164.13
630 2150.54
631 2215.15
632 2295.02
633 2179.38
634 2198.93
635 2267.60
636 2164.13
637 2287.63
638 2165.79
639 2178.91
640 2162.69
641 2190.59
642 2213.48
643 2169.13
644 2164.13
645 2157.69
646 2162.69
647 2157.69
648 2172.47
649 2202.99
650 2179.86
651 2213.95
652 2165.79
653 2198.70
654 2189.16
655 2183.91
656 2177.24
657 2177.48
658 2177.95
659 2192.02
660 2195.60
661 2181.05
662 2190.59
663 2129.08
664 2133.37
665 2147.91
666 2156.73
667 2202.75
668 2161.26
669 2171.04
670 2243.04
671 2189.64
672 2202.27
673 2191.31
674 2180.81
675 2172.23
676 2187.01
677 2185.34
678 2190.59
679 2159.12
680 2176.28
681 2165.79
682 2155.30
683 2164.60
684 2181.29
685 2128.36
686 2143.86
687 2151.97
688 2167.70
689 2165.79
690 2224.45
691 2184.15
692 2173.90
693 2189.40
694 2177.24
695 2153.40
696 2158.40
697 2146.48
698 2143.38
699 2166.51
700 2217.53
701 2158.40
702 2226.83
703 2204.66
704 2249.96
705 2163.89
706 2141.00
707 2152.20
708 2169.13
709 2194.40
710 2198.22
711 2184.63
712 2225.16
713 2156.97
714 2143.62
715 2179.62
716 2225.64
717 2137.66
718 2185.11
719 2150.30
720 2129.55
721 2268.08
722 2213.72
723 2219.92
724 2168.42
725 2167.94
726 2145.77
727 2126.22
728 2160.31
729 2157.93
730 2158.40
731 2150.54
732 2213.72
733 2160.79
734 2165.08
735 2156.26
736 2145.05
737 2209.90
738 2204.66
739 2356.29
740 2175.33
741 2157.69
742 2184.15
743 2158.64
744 2170.80
745 2144.10
746 2184.87
747 2172.71
748 2228.50
749 2190.83
750 2191.31
751 2155.07
752 2204.18
753 2160.55
754 2175.33
755 2203.46
756 2144.10
757 2185.11
758 2241.61
759 2146.72
760 2146.96
761 2139.09
762 2151.73
763 2169.85
764 2162.46
765 2134.56
766 2170.56
767 2139.81
768 2180.34
769 2146.24
770 2231.36
771 2152.20
772 2176.28
773 2176.76
774 2198.93
775 2196.79
776 2197.03
777 2141.48
778 2204.66
779 2205.61
780 2203.70
781 2182.96
782 2160.55
783 2149.82
784 2173.90
785 2140.76
786 2152.44
787 2225.40
788 2183.68
789 2182.96
790 2183.91
791 2155.78
792 2271.65
793 2221.58
794 2187.97
795 2241.13
796 2205.61
797 2154.83
798 2142.19
799 2129.79
800 2140.05
801 2178.91
802 2165.79
803 2163.41
804 2210.14
805 2162.46
806 2160.55
807 2168.18
808 2157.69
809 2136.71
810 2170.32
811 2161.74
812 2222.30
813 2313.85
814 2197.74
815 2170.09
816 2168.18
817 2135.04
818 2147.44
819 2209.66
820 2186.54
821 2171.75
822 2126.46
823 2210.86
824 2134.32
825 2140.05
826 2209.90
827 2158.64
828 2161.26
829 2166.03
830 2169.85
831 2161.98
832 2167.70
833 2200.13
834 2186.78
835 2337.46
836 2195.60
837 2151.01
838 2162.22
839 2143.62
840 2159.36
841 2184.15
842 2262.59
843 2180.10
844 2146.48
845 2136.47
846 2146.01
847 2132.18
848 2138.38
849 2130.51
850 2126.69
851 2146.96
852 2149.58
853 2149.82
854 2204.90
855 2149.34
856 2153.40
857 2139.09
858 2164.36
859 2141.00
860 2142.19
861 2131.22
862 2192.02
863 2159.60
864 2165.32
865 2175.81
866 2147.44
867 2161.74
868 2184.15
869 2142.91
870 2160.07
871 2132.65
872 2159.83
873 2123.83
874 2133.61
875 2175.09
876 2150.54
877 2230.88
878 2187.97
879 2197.98
880 2166.27
881 2151.73
882 2189.16
883 2180.10
884 2159.12
885 2184.63
886 2162.46
887 2198.22
888 2181.77
889 2153.16
890 2144.81
891 2149.11
892 2173.19
893 2141.48
894 2197.27
895 2245.43
896 2224.45
897 2173.19
898 2141.24
899 2151.49
900 2151.73
901 2168.42
902 2188.21
903 2175.33
904 2216.82
905 2216.82
906 2167.46
907 2176.52
908 2148.63
909 2162.22
910 2350.57
911 2200.84
912 2156.73
913 2145.53
914 2177.48
915 2161.26
916 2151.01
917 2195.84
918 2159.83
919 2143.62
920 2142.67
921 2128.60
922 2131.46
923 2134.08
924 2143.86
925 2150.77
926 2167.70
927 2189.40
928 2169.13
929 2260.45
930 2161.98
931 2130.75
932 2187.73
933 2146.24
934 2211.33
935 2152.92
936 2134.32
937 2122.40
938 2148.63
939 2198.93
940 2215.39
941 2238.99
942 2308.85
943 2268.08
944 2294.06
945 2312.42
946 2171.52
947 2331.73
948 2208.47
949 2187.49
950 2170.80
951 2201.32
952 2184.39
953 2163.17
954 2144.34
955 2157.21
956 2312.90
957 2246.86
958 2175.09
959 2162.46
960 2296.69
961 2211.57
962 2182.01
963 2182.72
964 2262.83
965 2161.74
966 2210.86
967 2154.59
968 2156.02
969 2147.91
970 2151.49
971 2161.03
972 2212.05
973 2209.66
974 2196.55
975 2190.11
976 2139.33
977 2140.52
978 2125.02
979 2156.50
980 2144.34
981 2228.02
982 2167.70
983 2191.78
984 2169.37
985 2159.83
986 2128.12
987 2125.26
988 2132.65
989 2134.08
990 2182.48
991 2164.60
992 2198.93
993 2193.69
994 2206.33
995 2136.23
996 2134.08
997 2135.52
998 2123.12
999 2148.39
