100
0 4460.10
1 3547.91
2 1788.62
3 1776.70
4 1811.98
5 1811.50
6 1808.64
7 1796.25
8 1858.47
9 1950.03
10 1852.04
11 1703.26
12 1663.92
13 1652.00
14 1865.15
15 1829.62
16 1778.13
17 1818.66
18 1798.63
19 1798.87
20 1875.64
21 1922.13
22 1672.74
23 1683.47
24 1779.79
25 1700.64
26 1735.45
27 1671.31
28 1675.84
29 1690.39
30 1680.14
31 1680.14
32 1734.50
33 1690.39
34 1668.93
35 1622.44
36 1735.93
37 1679.90
38 1647.00
39 1616.00
40 1602.41
41 1667.02
42 1613.38
43 1598.12
44 1796.01
45 1807.69
46 1798.15
47 1796.96
48 1851.56
49 1779.56
50 1825.57
51 1796.01
52 1816.75
53 1895.19
54 1834.15
55 1823.66
56 1814.37
57 1803.40
58 1839.40
59 1827.00
60 1868.96
61 1873.25
62 1895.90
63 1867.06
64 1803.40
65 1786.95
66 1774.79
67 1796.48
68 1775.26
69 1808.40
70 1771.69
71 1759.53
72 1883.51
73 1940.25
74 1750.71
75 1768.35
76 1793.38
77 1837.25
78 1801.49
79 1801.97
80 1811.98
81 1804.83
82 1822.95
83 1769.30
84 1725.67
85 1854.90
86 1725.67
87 1775.26
88 1733.78
89 1787.19
90 1757.86
91 1718.28
92 1724.00
93 1820.33
94 1129.63
95 1726.15
96 1693.96
97 1697.78
98 1738.31
99 1699.69
