100
5 11899.47
1 12923.48
3 12368.44
4 12184.38
0 15331.03
2 14522.55
7 13498.31
6 13702.87
8 13321.88
12 12376.79
11 12614.73
9 13177.63
13 12339.35
10 12969.26
14 12196.54
15 12033.22
16 11837.96
17 11619.09
21 10902.40
24 10326.62
18 11490.35
22 10730.50
25 10004.04
26 9649.99
23 10556.94
19 11327.03
20 11176.11
27 9479.76
28 9170.29
29 9433.51
31 9009.12
32 8878.23
34 8527.99
33 8755.92
30 9257.08
35 6741.76
36 6572.96
37 3985.88
39 3415.11
38 3572.46
40 3204.35
42 2499.34
44 2273.56
45 2258.54
46 2203.70
43 3028.63
41 3515.72
47 2212.52
48 3084.42
49 2163.89
50 2151.73
51 2135.75
52 2166.03
53 2224.21
54 2135.75
55 2162.69
56 2246.38
57 2197.50
58 2196.31
59 2198.22
60 2181.05
61 2162.46
62 2173.90
63 2201.08
64 2360.58
65 2244.23
66 2186.54
67 2206.80
68 2187.01
69 2184.87
70 2166.03
71 2166.75
72 2206.56
73 2234.94
74 2216.82
75 2200.37
76 2170.80
77 2316.71
78 2232.31
79 2196.31
80 2169.13
81 2156.50
82 2162.69
83 2192.50
84 2173.90
85 2228.02
86 2207.52
87 2158.40
88 2163.17
89 2149.11
90 2158.16
91 2145.77
92 2153.87
93 2165.32
94 2161.74
95 2204.18
96 2184.63
97 2145.05
98 2134.32
99 2141.71
